[[-56.06968518 -41.42335238 -21.87593494], [-39.64854765 -25.00221485  -5.45479742], [-33.03670561 -18.39037281   1.15704463]]
[[-56.06959639 -41.42186386 -21.87593494], [-39.64845887 -25.00072634  -5.45479742], [-33.03661683 -18.3888843    1.15704463]]
[[-56.06951719 -41.42053228 -21.87593494], [-39.64837967 -24.99939475  -5.45479742], [-33.03653762 -18.38755271   1.15704463]]
[[-56.0694337  -41.41913406 -21.87593494], [-39.64829617 -24.99799653  -5.45479742], [-33.03645413 -18.38615449   1.15704463]]
[[-56.06932004 -41.41722522 -21.87593494], [-39.64818251 -24.99608769  -5.45479742], [-33.03634047 -18.38424565   1.15704463]]
[[-56.06900649 -41.41197818 -21.87593494], [-39.64786897 -24.99084066  -5.45479742], [-33.03602693 -18.37899862   1.15704463]]
[[-56.06904303 -41.41260056 -21.87593494], [-39.6479055  -24.99146303  -5.45479742], [-33.03606346 -18.37962099   1.15704463]]
[[-56.06906003 -41.41289233 -21.87593494], [-39.64792251 -24.9917548   -5.45479742], [-33.03608046 -18.37991276   1.15704463]]
[[-56.06907848 -41.41320769 -21.87593494], [-39.64794095 -24.99207016  -5.45479742], [-33.03609891 -18.38022812   1.15704463]]
[[-56.06909982 -41.41357271 -21.87593494], [-39.64796229 -24.99243518  -5.45479742], [-33.03612025 -18.38059314   1.15704463]]
[[-56.06912557 -41.41401239 -21.87593494], [-39.64798805 -24.99287486  -5.45479742], [-33.03614601 -18.38103282   1.15704463]]
[[-56.06914398 -41.4143295  -21.87593494], [-39.64800646 -24.99319197  -5.45479742], [-33.03616442 -18.38134993   1.15704463]]
[[-56.06915382 -41.41449941 -21.87593494], [-39.64801629 -24.99336188  -5.45479742], [-33.03617425 -18.38151984   1.15704463]]
[[-56.06916207 -41.41464326 -21.87593494], [-39.64802454 -24.99350574  -5.45479742], [-33.0361825  -18.38166369   1.15704463]]
[[-56.06916589 -41.41471223 -21.87593494], [-39.64802836 -24.99357471  -5.45479742], [-33.03618632 -18.38173266   1.15704463]]
[[-56.06916812 -41.41475513 -21.87593494], [-39.6480306  -24.99361761  -5.45479742], [-33.03618855 -18.38177557   1.15704463]]
[[-56.06918778 -41.4150924  -21.87593494], [-39.64805025 -24.99395488  -5.45479742], [-33.03620821 -18.38211283   1.15704463]]
[[-56.06917684 -41.41491261 -21.87593494], [-39.64803932 -24.99377509  -5.45479742], [-33.03619728 -18.38193304   1.15704463]]
[[-56.06917591 -41.41490322 -21.87593494], [-39.64803839 -24.99376569  -5.45479742], [-33.03619634 -18.38192365   1.15704463]]
[[-56.0691753  -41.41489704 -21.87593494], [-39.64803777 -24.99375951  -5.45479742], [-33.03619573 -18.38191747   1.15704463]]
[[-56.06917045 -41.41481925 -21.87593494], [-39.64803293 -24.99368172  -5.45479742], [-33.03619089 -18.38183968   1.15704463]]
[[-56.06916418 -41.41471797 -21.87593494], [-39.64802666 -24.99358044  -5.45479742], [-33.03618462 -18.3817384    1.15704463]]
[[-56.0691619  -41.41468611 -21.87593494], [-39.64802438 -24.99354858  -5.45479742], [-33.03618234 -18.38170654   1.15704463]]
[[-56.06929259 -41.41689778 -21.87593494], [-39.64815507 -24.99576026  -5.45479742], [-33.03631302 -18.38391821   1.15704463]]
[[-56.06945164 -41.41958983 -21.87593494], [-39.64831411 -24.99845231  -5.45479742], [-33.03647207 -18.38661027   1.15704463]]
[[-56.06986394 -41.42655864 -21.87593494], [-39.64872642 -25.00542112  -5.45479742], [-33.03688438 -18.39357907   1.15704463]]
[[-56.06996593 -41.42828506 -21.87593494], [-39.6488284  -25.00714754  -5.45479742], [-33.03698636 -18.3953055    1.15704463]]
[[-56.07014655 -41.43133914 -21.87593494], [-39.64900903 -25.01020161  -5.45479742], [-33.03716699 -18.39835957   1.15704463]]
[[-56.07028694 -41.43371168 -21.87593494], [-39.64914942 -25.01257415  -5.45479742], [-33.03730738 -18.40073211   1.15704463]]
[[-56.07039654 -41.43556512 -21.87593494], [-39.64925901 -25.01442759  -5.45479742], [-33.03741697 -18.40258555   1.15704463]]
[[-56.07058052 -41.43867678 -21.87593494], [-39.649443   -25.01753925  -5.45479742], [-33.03760096 -18.40569721   1.15704463]]
[[-56.0706603  -41.44002597 -21.87593494], [-39.64952278 -25.01888844  -5.45479742], [-33.03768073 -18.4070464    1.15704463]]
[[-56.07099696 -41.44572172 -21.87593494], [-39.64985944 -25.0245842   -5.45479742], [-33.03801739 -18.41274216   1.15704463]]
[[-56.07113742 -41.44809511 -21.87593494], [-39.6499999  -25.02695759  -5.45479742], [-33.03815785 -18.41511554   1.15704463]]
[[-56.0712449  -41.44991172 -21.87593494], [-39.65010738 -25.02877419  -5.45479742], [-33.03826533 -18.41693215   1.15704463]]
[[-56.07134981 -41.45168593 -21.87593494], [-39.65021228 -25.0305484   -5.45479742], [-33.03837024 -18.41870636   1.15704463]]
[[-56.0714497  -41.45337293 -21.87593494], [-39.65031217 -25.0322354   -5.45479742], [-33.03847013 -18.42039336   1.15704463]]
[[-56.07155038 -41.45507567 -21.87593494], [-39.65041286 -25.03393815  -5.45479742], [-33.03857081 -18.42209611   1.15704463]]
[[-56.07165003 -41.45675965 -21.87593494], [-39.6505125  -25.03562213  -5.45479742], [-33.03867046 -18.42378008   1.15704463]]
[[-56.07171728 -41.45789702 -21.87593494], [-39.65057976 -25.03675949  -5.45479742], [-33.03873771 -18.42491745   1.15704463]]
[[-56.07179518 -41.45921307 -21.87593494], [-39.65065765 -25.03807554  -5.45479742], [-33.03881561 -18.4262335    1.15704463]]
[[-56.07189483 -41.46089829 -21.87593494], [-39.6507573  -25.03976076  -5.45479742], [-33.03891526 -18.42791872   1.15704463]]
[[-56.07194823 -41.46180018 -21.87593494], [-39.65081071 -25.04066266  -5.45479742], [-33.03896867 -18.42882061   1.15704463]]
[[-56.07197745 -41.46229043 -21.87593494], [-39.65083992 -25.04115291  -5.45479742], [-33.03899788 -18.42931087   1.15704463]]
[[-56.07204817 -41.4634889  -21.87593494], [-39.65091064 -25.04235138  -5.45479742], [-33.0390686  -18.43050934   1.15704463]]
[[-56.07206845 -41.46382924 -21.87593494], [-39.65093092 -25.04269172  -5.45479742], [-33.03908888 -18.43084968   1.15704463]]
[[-56.07237695 -41.46903789 -21.87593494], [-39.65123942 -25.04790037  -5.45479742], [-33.03939738 -18.43605833   1.15704463]]
[[-56.0725888  -41.47262011 -21.87593494], [-39.65145128 -25.05148258  -5.45479742], [-33.03960923 -18.43964054   1.15704463]]
[[-56.07275132 -41.4753667  -21.87593494], [-39.6516138  -25.05422918  -5.45479742], [-33.03977175 -18.44238713   1.15704463]]
[[-56.07293657 -41.47849607 -21.87593494], [-39.65179905 -25.05735855  -5.45479742], [-33.03995701 -18.4455165    1.15704463]]
[[-56.07321667 -41.48323356 -21.87593494], [-39.65207914 -25.06209603  -5.45479742], [-33.0402371  -18.45025399   1.15704463]]
[[-56.07344268 -41.48705506 -21.87593494], [-39.65230515 -25.06591754  -5.45479742], [-33.04046311 -18.45407549   1.15704463]]
[[-56.07361411 -41.48994874 -21.87593494], [-39.65247658 -25.06881121  -5.45479742], [-33.04063454 -18.45696917   1.15704463]]
[[-56.07383395 -41.49366411 -21.87593494], [-39.65269642 -25.07252658  -5.45479742], [-33.04085438 -18.46068454   1.15704463]]
[[-56.07401961 -41.49680318 -21.87593494], [-39.65288208 -25.07566565  -5.45479742], [-33.04104004 -18.46382361   1.15704463]]
[[-56.07418589 -41.49961457 -21.87593494], [-39.65304836 -25.07847704  -5.45479742], [-33.04120632 -18.466635     1.15704463]]
[[-56.07441129 -41.50342384 -21.87593494], [-39.65327377 -25.08228632  -5.45479742], [-33.04143173 -18.47044428   1.15704463]]
[[-56.07459454 -41.50652211 -21.87593494], [-39.65345702 -25.08538458  -5.45479742], [-33.04161497 -18.47354254   1.15704463]]
[[-56.07470602 -41.50840314 -21.87593494], [-39.6535685  -25.08726561  -5.45479742], [-33.04172645 -18.47542357   1.15704463]]
[[-56.07491058 -41.51186366 -21.87593494], [-39.65377306 -25.09072613  -5.45479742], [-33.04193102 -18.47888409   1.15704463]]
[[-56.07508165 -41.51475599 -21.87593494], [-39.65394413 -25.09361847  -5.45479742], [-33.04210209 -18.48177643   1.15704463]]
[[-56.07525942 -41.51776147 -21.87593494], [-39.65412189 -25.09662394  -5.45479742], [-33.04227985 -18.4847819    1.15704463]]
[[-56.07540671 -41.52025184 -21.87593494], [-39.65426919 -25.09911432  -5.45479742], [-33.04242715 -18.48727227   1.15704463]]
[[-56.07550369 -41.52188727 -21.87593494], [-39.65436616 -25.10074975  -5.45479742], [-33.04252412 -18.48890771   1.15704463]]
[[-56.07558081 -41.52319112 -21.87593494], [-39.65444328 -25.1020536   -5.45479742], [-33.04260124 -18.49021156   1.15704463]]
[[-56.07578774 -41.52669182 -21.87593494], [-39.65465021 -25.10555429  -5.45479742], [-33.04280817 -18.49371225   1.15704463]]
[[-56.07574737 -41.52600934 -21.87593494], [-39.65460985 -25.10487181  -5.45479742], [-33.04276781 -18.49302977   1.15704463]]
[[-56.07594391 -41.52933002 -21.87593494], [-39.65480639 -25.1081925   -5.45479742], [-33.04296434 -18.49635046   1.15704463]]
[[-56.07598596 -41.53004095 -21.87593494], [-39.65484843 -25.10890342  -5.45479742], [-33.04300639 -18.49706138   1.15704463]]
[[-56.0760196  -41.53060748 -21.87593494], [-39.65488207 -25.10946995  -5.45479742], [-33.04304003 -18.49762791   1.15704463]]
[[-56.07602837 -41.5307579  -21.87593494], [-39.65489084 -25.10962038  -5.45479742], [-33.0430488  -18.49777833   1.15704463]]
[[-56.07607113 -41.53148097 -21.87593494], [-39.65493361 -25.11034344  -5.45479742], [-33.04309157 -18.4985014    1.15704463]]
[[-56.07604472 -41.53102775 -21.87593494], [-39.65490719 -25.10989023  -5.45479742], [-33.04306515 -18.49804818   1.15704463]]
[[-56.07589176 -41.52843522 -21.87593494], [-39.65475423 -25.1072977   -5.45479742], [-33.04291219 -18.49545566   1.15704463]]
[[-56.07583962 -41.52754055 -21.87593494], [-39.65470209 -25.10640303  -5.45479742], [-33.04286005 -18.49456099   1.15704463]]
[[-56.07572914 -41.52565557 -21.87593494], [-39.65459162 -25.10451804  -5.45479742], [-33.04274958 -18.492676     1.15704463]]
[[-56.07515977 -41.51599586 -21.87593494], [-39.65402224 -25.09485834  -5.45479742], [-33.0421802  -18.48301629   1.15704463]]
[[-56.07499088 -41.5131356  -21.87593494], [-39.65385336 -25.09199807  -5.45479742], [-33.04201131 -18.48015603   1.15704463]]
[[-56.0747692  -41.50937721 -21.87593494], [-39.65363167 -25.08823969  -5.45479742], [-33.04178963 -18.47639764   1.15704463]]
[[-56.07462924 -41.50700213 -21.87593494], [-39.65349171 -25.08586461  -5.45479742], [-33.04164967 -18.47402257   1.15704463]]
[[-56.07442103 -41.50347222 -21.87593494], [-39.65328351 -25.0823347   -5.45479742], [-33.04144146 -18.47049266   1.15704463]]
[[-56.07423567 -41.50032468 -21.87593494], [-39.65309814 -25.07918715  -5.45479742], [-33.0412561  -18.46734511   1.15704463]]
[[-56.07402725 -41.49679625 -21.87593494], [-39.65288973 -25.07565872  -5.45479742], [-33.04104769 -18.46381668   1.15704463]]
[[-56.07381313 -41.49316793 -21.87593494], [-39.65267561 -25.0720304   -5.45479742], [-33.04083357 -18.46018836   1.15704463]]
[[-56.07360794 -41.48969076 -21.87593494], [-39.65247041 -25.06855324  -5.45479742], [-33.04062837 -18.45671119   1.15704463]]
[[-56.07335421 -41.48539273 -21.87593494], [-39.65221668 -25.0642552   -5.45479742], [-33.04037464 -18.45241316   1.15704463]]
[[-56.07315757 -41.48206489 -21.87593494], [-39.65202004 -25.06092736  -5.45479742], [-33.040178   -18.44908532   1.15704463]]
[[-56.07280079 -41.47601754 -21.87593494], [-39.65166326 -25.05488002  -5.45479742], [-33.03982122 -18.44303797   1.15704463]]
[[-56.07256795 -41.47207454 -21.87593494], [-39.65143042 -25.05093702  -5.45479742], [-33.03958838 -18.43909497   1.15704463]]
[[-56.07233485 -41.46812962 -21.87593494], [-39.65119732 -25.04699209  -5.45479742], [-33.03935528 -18.43515005   1.15704463]]
[[-56.07208571 -41.46391139 -21.87593494], [-39.65094819 -25.04277386  -5.45479742], [-33.03910615 -18.43093182   1.15704463]]
[[-56.0719358  -41.46137329 -21.87593494], [-39.65079828 -25.04023576  -5.45479742], [-33.03895624 -18.42839372   1.15704463]]
[[-56.07171674 -41.45766541 -21.87593494], [-39.65057921 -25.03652789  -5.45479742], [-33.03873717 -18.42468585   1.15704463]]
[[-56.07152149 -41.45436326 -21.87593494], [-39.65038396 -25.03322573  -5.45479742], [-33.03854192 -18.42138369   1.15704463]]
[[-56.07109395 -41.44712657 -21.87593494], [-39.64995642 -25.02598904  -5.45479742], [-33.03811438 -18.414147     1.15704463]]
[[-56.07091555 -41.44410885 -21.87593494], [-39.64977802 -25.02297132  -5.45479742], [-33.03793598 -18.41112928   1.15704463]]
[[-56.07016893 -41.43147352 -21.87593494], [-39.6490314  -25.01033599  -5.45479742], [-33.03718936 -18.39849395   1.15704463]]
[[-56.06959488 -41.42176774 -21.87593494], [-39.64845736 -25.00063022  -5.45479742], [-33.03661531 -18.38878818   1.15704463]]
[[-56.06946373 -41.41955837 -21.87593494], [-39.6483262  -24.99842084  -5.45479742], [-33.03648416 -18.3865788    1.15704463]]
[[-56.0693157  -41.41704538 -21.87593494], [-39.64817818 -24.99590785  -5.45479742], [-33.03633614 -18.38406581   1.15704463]]
[[-56.06904109 -41.41240022 -21.87593494], [-39.64790356 -24.9912627   -5.45479742], [-33.03606152 -18.37942066   1.15704463]]
[[-56.06892981 -41.41052278 -21.87593494], [-39.64779229 -24.98938525  -5.45479742], [-33.03595024 -18.37754321   1.15704463]]
[[-56.06884257 -41.40904697 -21.87593494], [-39.64770504 -24.98790945  -5.45479742], [-33.035863   -18.3760674    1.15704463]]
[[-56.068656   -41.40589194 -21.87593494], [-39.64751847 -24.98475442  -5.45479742], [-33.03567643 -18.37291237   1.15704463]]
[[-56.06849574 -41.40318412 -21.87593494], [-39.64735821 -24.9820466   -5.45479742], [-33.03551617 -18.37020456   1.15704463]]
[[-56.06847889 -41.40289373 -21.87593494], [-39.64734136 -24.9817562   -5.45479742], [-33.03549932 -18.36991416   1.15704463]]
[[-56.06846138 -41.40259333 -21.87593494], [-39.64732386 -24.9814558   -5.45479742], [-33.03548181 -18.36961376   1.15704463]]
[[-56.06845382 -41.40246112 -21.87593494], [-39.6473163  -24.9813236   -5.45479742], [-33.03547425 -18.36948155   1.15704463]]
[[-56.06843627 -41.40215988 -21.87593494], [-39.64729874 -24.98102236  -5.45479742], [-33.0354567  -18.36918032   1.15704463]]
[[-56.06840543 -41.40163434 -21.87593494], [-39.6472679  -24.98049681  -5.45479742], [-33.03542586 -18.36865477   1.15704463]]
[[-56.06838163 -41.40122723 -21.87593494], [-39.64724411 -24.9800897   -5.45479742], [-33.03540206 -18.36824766   1.15704463]]
[[-56.06835455 -41.40076491 -21.87593494], [-39.64721702 -24.97962739  -5.45479742], [-33.03537498 -18.36778534   1.15704463]]
[[-56.06833051 -41.40035486 -21.87593494], [-39.64719299 -24.97921734  -5.45479742], [-33.03535094 -18.3673753    1.15704463]]
[[-56.06830661 -41.39994715 -21.87593494], [-39.64716909 -24.97880962  -5.45479742], [-33.03532705 -18.36696758   1.15704463]]
[[-56.06827069 -41.39933544 -21.87593494], [-39.64713316 -24.97819791  -5.45479742], [-33.03529112 -18.36635587   1.15704463]]
[[-56.06823802 -41.39877951 -21.87593494], [-39.64710049 -24.97764199  -5.45479742], [-33.03525845 -18.36579994   1.15704463]]
[[-56.06819982 -41.39812975 -21.87593494], [-39.64706229 -24.97699222  -5.45479742], [-33.03522025 -18.36515018   1.15704463]]
[[-56.06816477 -41.39753529 -21.87593494], [-39.64702725 -24.97639777  -5.45479742], [-33.03518521 -18.36455573   1.15704463]]
[[-56.06813336 -41.3970007  -21.87593494], [-39.64699583 -24.97586318  -5.45479742], [-33.03515379 -18.36402113   1.15704463]]
[[-56.06809934 -41.39642354 -21.87593494], [-39.64696181 -24.97528602  -5.45479742], [-33.03511977 -18.36344397   1.15704463]]
[[-56.06804933 -41.39557524 -21.87593494], [-39.64691181 -24.97443772  -5.45479742], [-33.03506976 -18.36259568   1.15704463]]
[[-56.06801127 -41.3949295  -21.87593494], [-39.64687374 -24.97379197  -5.45479742], [-33.0350317  -18.36194993   1.15704463]]
[[-56.06796862 -41.39420608 -21.87593494], [-39.6468311  -24.97306855  -5.45479742], [-33.03498905 -18.36122651   1.15704463]]
[[-56.06794775 -41.39385303 -21.87593494], [-39.64681022 -24.9727155   -5.45479742], [-33.03496818 -18.36087346   1.15704463]]
[[-56.06812801 -41.39688118 -21.87593494], [-39.64699049 -24.97574365  -5.45479742], [-33.03514845 -18.36390161   1.15704463]]
[[-56.06846275 -41.40250814 -21.87593494], [-39.64732523 -24.98137061  -5.45479742], [-33.03548319 -18.36952857   1.15704463]]
[[-56.06858175 -41.40450625 -21.87593494], [-39.64744422 -24.98336872  -5.45479742], [-33.03560218 -18.37152668   1.15704463]]
[[-56.06870617 -41.40660256 -21.87593494], [-39.64756864 -24.98546504  -5.45479742], [-33.0357266  -18.373623     1.15704463]]
[[-56.06882055 -41.40852553 -21.87593494], [-39.64768302 -24.987388    -5.45479742], [-33.03584098 -18.37554596   1.15704463]]
[[-56.06889416 -41.40976046 -21.87593494], [-39.64775664 -24.98862293  -5.45479742], [-33.0359146  -18.37678089   1.15704463]]
[[-56.06897952 -41.41119541 -21.87593494], [-39.647842   -24.99005789  -5.45479742], [-33.03599996 -18.37821584   1.15704463]]
[[-56.06922446 -41.41531896 -21.87593494], [-39.64808693 -24.99418143  -5.45479742], [-33.03624489 -18.38233939   1.15704463]]
[[-56.06935054 -41.41743314 -21.87593494], [-39.64821302 -24.99629562  -5.45479742], [-33.03637097 -18.38445358   1.15704463]]
[[-56.06943674 -41.41888468 -21.87593494], [-39.64829922 -24.99774715  -5.45479742], [-33.03645717 -18.38590511   1.15704463]]
[[-56.06955045 -41.42079808 -21.87593494], [-39.64841292 -24.99966056  -5.45479742], [-33.03657088 -18.38781851   1.15704463]]
[[-56.06961982 -41.42196423 -21.87593494], [-39.6484823  -25.0008267   -5.45479742], [-33.03664026 -18.38898466   1.15704463]]
[[-56.06972721 -41.42377193 -21.87593494], [-39.64858968 -25.00263441  -5.45479742], [-33.03674764 -18.39079236   1.15704463]]
[[-56.06983045 -41.42550666 -21.87593494], [-39.64869292 -25.00436914  -5.45479742], [-33.03685088 -18.3925271    1.15704463]]
[[-56.0698819  -41.4263722  -21.87593494], [-39.64874437 -25.00523467  -5.45479742], [-33.03690233 -18.39339263   1.15704463]]
[[-56.06995438 -41.42759449 -21.87593494], [-39.64881685 -25.00645696  -5.45479742], [-33.03697481 -18.39461492   1.15704463]]
[[-56.07001881 -41.42867799 -21.87593494], [-39.64888128 -25.00754047  -5.45479742], [-33.03703924 -18.39569843   1.15704463]]
[[-56.07007485 -41.42962083 -21.87593494], [-39.64893733 -25.00848331  -5.45479742], [-33.03709528 -18.39664127   1.15704463]]
[[-56.07024067 -41.43241069 -21.87593494], [-39.64910315 -25.01127316  -5.45479742], [-33.0372611  -18.39943112   1.15704463]]
[[-56.07026798 -41.4328751  -21.87593494], [-39.64913045 -25.01173758  -5.45479742], [-33.03728841 -18.39989554   1.15704463]]
[[-56.07029003 -41.43324938 -21.87593494], [-39.6491525  -25.01211185  -5.45479742], [-33.03731046 -18.40026981   1.15704463]]
[[-56.07032364 -41.4338177  -21.87593494], [-39.64918611 -25.01268017  -5.45479742], [-33.03734407 -18.40083813   1.15704463]]
[[-56.07034669 -41.43420487 -21.87593494], [-39.64920917 -25.01306735  -5.45479742], [-33.03736712 -18.40122531   1.15704463]]
[[-56.07034669 -41.43420487 -21.87593494], [-39.64920917 -25.01306735  -5.45479742], [-33.03736712 -18.40122531   1.15704463]]
[[-56.07035215 -41.43429848 -21.87593494], [-39.64921462 -25.01316095  -5.45479742], [-33.03737258 -18.40131891   1.15704463]]
[[-56.0703576  -41.43439208 -21.87593494], [-39.64922008 -25.01325456  -5.45479742], [-33.03737803 -18.40141252   1.15704463]]
[[-56.07032843 -41.43390422 -21.87593494], [-39.64919091 -25.01276669  -5.45479742], [-33.03734887 -18.40092465   1.15704463]]
[[-56.07030027 -41.43342929 -21.87593494], [-39.64916275 -25.01229177  -5.45479742], [-33.03732071 -18.40044972   1.15704463]]
[[-56.0703122  -41.43362564 -21.87593494], [-39.64917467 -25.01248812  -5.45479742], [-33.03733263 -18.40064607   1.15704463]]
[[-56.07043306 -41.43566548 -21.87593494], [-39.64929554 -25.01452796  -5.45479742], [-33.0374535  -18.40268591   1.15704463]]
[[-56.07053789 -41.43742402 -21.87593494], [-39.64940036 -25.01628649  -5.45479742], [-33.03755832 -18.40444445   1.15704463]]
[[-56.07069386 -41.44004364 -21.87593494], [-39.64955634 -25.01890611  -5.45479742], [-33.0377143  -18.40706407   1.15704463]]
[[-56.07086092 -41.44284944 -21.87593494], [-39.6497234  -25.02171192  -5.45479742], [-33.03788136 -18.40986987   1.15704463]]
[[-56.07101856 -41.44549475 -21.87593494], [-39.64988104 -25.02435723  -5.45479742], [-33.038039   -18.41251519   1.15704463]]
[[-56.07113185 -41.44739269 -21.87593494], [-39.64999432 -25.02625516  -5.45479742], [-33.03815228 -18.41441312   1.15704463]]
[[-56.07150127 -41.45359917 -21.87593494], [-39.65036374 -25.03246164  -5.45479742], [-33.0385217  -18.4206196    1.15704463]]
[[-56.07166048 -41.45627554 -21.87593494], [-39.65052295 -25.03513802  -5.45479742], [-33.03868091 -18.42329598   1.15704463]]
[[-56.07182757 -41.45907656 -21.87593494], [-39.65069005 -25.03793903  -5.45479742], [-33.038848   -18.42609699   1.15704463]]
[[-56.0719768  -41.46158271 -21.87593494], [-39.65083928 -25.04044519  -5.45479742], [-33.03899724 -18.42860315   1.15704463]]
[[-56.0720958  -41.46358397 -21.87593494], [-39.65095828 -25.04244644  -5.45479742], [-33.03911624 -18.4306044    1.15704463]]
[[-56.0722994  -41.46700034 -21.87593494], [-39.65116187 -25.04586281  -5.45479742], [-33.03931983 -18.43402077   1.15704463]]
[[-56.07244855 -41.46950521 -21.87593494], [-39.65131103 -25.04836769  -5.45479742], [-33.03946899 -18.43652564   1.15704463]]
[[-56.07260493 -41.47213144 -21.87593494], [-39.65146741 -25.05099391  -5.45479742], [-33.03962537 -18.43915187   1.15704463]]
[[-56.07271346 -41.4739541  -21.87593494], [-39.65157594 -25.05281657  -5.45479742], [-33.0397339  -18.44097453   1.15704463]]
