None
None
[973, 549]
[981, 567]
[985, 582]
[995, 602]
[1004, 628]
None
None
None
None
None
None
[1057, 729]
[1064, 725]
[1070, 725]
[1075, 724]
[1081, 723]
[1087, 721]
[1095, 722]
[1100, 723]
[1106, 725]
[1112, 728]
[1119, 732]
[1126, 732]
[1133, 739]
[1142, 745]
[1148, 749]
[1154, 754]
[1161, 760]
[1171, 767]
[1173, 738]
[1176, 706]
None
None
[1170, 628]
[1172, 613]
[1171, 586]
[1169, 566]
[1169, 552]
[1169, 530]
[1169, 521]
None
[1171, 487]
[1169, 473]
[1168, 463]
[1168, 454]
[1166, 445]
[1166, 437]
[1165, 429]
[1165, 424]
[1164, 418]
[1164, 411]
[1163, 407]
[1160, 404]
[1162, 400]
[1160, 398]
None
None
None
None
None
None
None
[1154, 377]
[1154, 365]
[1153, 356]
[1151, 346]
[1152, 333]
[1152, 323]
[1149, 315]
[1148, 306]
[1148, 299]
[1148, 293]
[1147, 285]
[1147, 279]
[1145, 275]
[1146, 269]
[1146, 264]
[1146, 259]
[1146, 255]
[1144, 252]
[1144, 250]
[1145, 245]
[1145, 246]
[1144, 241]
[1144, 240]
[1143, 239]
[1144, 239]
[1144, 238]
[1141, 238]
[1138, 241]
[1132, 241]
[1124, 242]
None
None
None
[1107, 253]
[1104, 257]
[1098, 262]
[1093, 265]
[1087, 270]
[1079, 274]
[1075, 280]
[1069, 286]
[1063, 292]
[1056, 300]
[1052, 307]
None
[1039, 319]
[1032, 328]
[1026, 338]
[1018, 349]
[1013, 356]
[1006, 367]
[1001, 378]
None
[985, 403]
[979, 415]
None
None
None
[945, 472]
None
None
None
[919, 532]
[919, 552]
[902, 566]
None
[883, 604]
[879, 624]
[872, 638]
[857, 671]
None
[845, 704]
[838, 703]
[832, 703]
[827, 701]
[821, 701]
[814, 704]
[807, 705]
[800, 707]
[794, 709]
[788, 711]
[780, 715]
[773, 719]
[765, 724]
[759, 730]
[752, 734]
[746, 740]
[737, 749]
[730, 756]
[722, 764]
[719, 769]
[725, 710]
None
None
[737, 624]
[739, 597]
[746, 575]
[749, 554]
[749, 540]
[751, 526]
None
[760, 492]
[759, 473]
[762, 463]
[765, 450]
[766, 442]
[769, 431]
[770, 420]
[771, 415]
[774, 409]
[775, 403]
[776, 398]
None
None
[779, 384]
[782, 383]
[784, 382]
[786, 380]
[786, 378]
[786, 378]
[787, 378]
[788, 378]
[789, 381]
[788, 383]
[786, 381]
[791, 373]
[790, 364]
[790, 352]
[790, 340]
[789, 329]
[787, 321]
None
[788, 300]
[789, 292]
[787, 283]
[787, 276]
[788, 271]
[787, 262]
[787, 256]
[787, 250]
[787, 246]
